Introducing contestants...
* Player 1, weighing 617 bytes, "helltrain" ("choo-choo, motherf*****s !") !
* Player 2, weighing 320 bytes, "Jumper !" ("en fait C forker !") !
0x0000 : 00 00 00 00 00 00 00 00 00 00 00 00 00 00 00 00 00 00 00 00 00 00 00 00 00 00 00 00 00 00 00 00 00 00 00 00 00 00 00 00 00 00 00 00 00 00 00 00 00 00 00 00 00 00 00 00 00 00 00 00 00 00 00 00 
0x0040 : 00 00 00 00 00 00 00 00 00 00 00 00 00 00 00 00 00 00 00 00 00 00 00 00 00 00 00 00 00 43 02 90 00 00 00 00 02 02 90 00 00 00 00 10 01 ff ff ff ff 03 70 02 ff e8 03 70 02 ff df 03 70 02 ff d6 
0x0080 : 03 70 02 ff cd 03 70 02 ff c4 03 70 02 ff bb 03 70 02 ff b2 03 70 02 ff a9 03 70 02 ff a0 03 70 02 ff 97 03 70 02 ff 8e 03 70 02 ff 85 03 70 02 ff 7c 03 70 02 ff 73 03 70 02 ff 6a 03 70 02 ff 
0x00c0 : 61 03 70 02 ff 58 03 70 02 ff 4f 03 70 02 ff 46 03 70 02 ff 3d 03 70 02 ff 34 03 70 02 ff 2b 03 70 02 ff 22 03 70 02 ff 19 03 70 02 ff 10 03 70 02 ff 07 03 70 02 fe fe 03 70 02 fe f5 03 70 02 
0x0100 : fe ec 03 70 02 fe e3 03 70 02 fe da 03 70 02 fe d1 03 70 02 fe c8 03 70 02 fe bf 03 70 02 fe b6 03 70 02 fe ad 03 70 02 fe a4 03 70 02 fe 9b 03 70 02 fe 92 03 70 02 fe 89 03 70 02 fe 80 03 70 
0x0140 : 02 fe 77 03 70 02 fe 6e 03 70 02 fe 65 03 70 02 fe 5c 03 70 02 fe 53 03 70 02 fe 4a 03 70 02 fe 41 03 70 02 fe 38 03 70 02 fe 2f 03 70 02 fe 26 03 70 02 fe 1d 03 70 02 fe 14 03 70 02 fe 0b 03 
0x0180 : 70 02 fe 02 09 fe e8 01 ff ff ff ff 0c ff fb 02 90 00 00 00 00 10 01 ff ff ff ff 09 ff fb 01 ff ff ff ff 09 00 03 0c ff f8 01 00 42 0e 4a 0c 00 5e 01 ff ff ff ff 0c 00 2f 01 ff ff ff ff 0c 00 
0x01c0 : 89 02 90 ff ff ff ff ff ff 03 09 ff 31 03 09 ff 31 03 09 ff 31 03 09 ff 31 03 09 ff 31 03 09 ff 31 03 09 ff 31 03 09 ff 31 03 09 ff 31 03 09 ff 31 03 09 ff 31 90 17 03 70 03 03 02 90 00 00 00 
0x0200 : 00 10 02 90 00 00 00 00 10 09 00 56 01 ff ff ff ff 0c ff 98 01 ff ff ff ff 0c ff 6e 02 90 19 99 80 19 02 02 90 1a 03 70 03 03 02 90 00 00 00 00 10 02 90 00 00 00 00 10 02 90 00 00 00 00 10 09 
0x0240 : 00 20 01 00 00 00 01 02 90 03 70 02 00 02 02 90 13 03 70 03 03 02 90 00 00 00 00 10 09 00 03 03 70 02 00 0f 03 70 03 01 ff ff ff fe 0a 94 19 99 80 19 0b 64 01 ff 53 03 04 54 03 04 03 08 54 05 
0x0280 : 03 06 09 00 0d 02 90 00 00 00 00 07 09 ff db 08 54 03 03 03 09 ff 31 00 00 00 00 00 00 00 00 00 00 00 00 00 00 00 00 00 00 00 00 00 00 00 00 00 00 00 00 00 00 00 00 00 00 00 00 00 00 00 00 00 
0x02c0 : 00 00 00 00 00 00 00 00 00 00 00 00 00 00 00 00 00 00 00 00 00 00 00 00 00 00 00 00 00 00 00 00 00 00 00 00 00 00 00 00 00 00 00 00 00 00 00 00 00 00 00 00 00 00 00 00 00 00 00 00 00 00 00 00 
0x0300 : 00 00 00 00 00 00 00 00 00 01 01 ff ff fe 0a 94 ff fb 03 01 0b 64 01 ff 53 03 04 54 03 04 03 08 54 05 03 06 09 00 0d 02 90 00 00 00 00 07 09 ff db 08 54 03 03 03 09 ff 31 00 00 00 00 00 00 00 
0x0340 : 00 00 00 00 00 00 00 00 00 00 00 00 00 00 00 00 00 00 00 00 00 00 00 00 00 00 00 00 00 00 00 00 00 00 00 00 00 00 00 00 00 00 00 00 00 00 00 00 00 00 00 00 00 00 00 00 00 00 00 00 00 00 00 00 
0x0380 : 00 00 00 00 00 00 00 00 00 00 00 00 00 00 00 00 00 00 00 00 00 00 00 00 00 00 00 00 00 00 00 00 00 00 00 00 00 00 00 00 00 00 00 01 01 ff ff fe 0a 94 ff fb 03 01 0b 64 01 ff 53 03 04 54 03 04 
0x03c0 : 03 08 54 05 03 06 09 00 ff ff ff ff 03 09 ff 31 03 09 ff 31 03 09 ff 31 03 09 ff 31 03 09 ff 31 03 09 ff 31 03 09 ff 31 03 09 ff 31 03 09 ff 31 03 09 ff 31 03 09 ff 31 03 09 ff 31 00 00 00 00 
0x0400 : 00 00 00 00 00 00 00 00 00 00 00 00 0f 03 70 03 00 00 00 00 00 00 00 00 00 00 00 00 00 00 00 00 00 00 00 00 00 00 00 00 00 00 00 00 00 00 00 00 00 00 00 00 00 00 00 00 00 00 00 00 00 00 00 00 
0x0440 : 00 00 00 00 00 00 00 00 00 00 00 00 00 01 01 ff ff fe 0a 94 ff fb 03 01 0b 64 01 ff 53 03 04 54 03 04 03 1a 03 70 03 06 09 00 0d 02 90 00 00 00 00 07 09 ff db 08 54 03 03 03 09 ff 31 00 00 00 
0x0480 : 00 00 00 00 00 00 00 00 00 00 00 00 00 00 00 00 00 00 00 00 00 00 00 00 00 00 00 00 00 00 00 00 00 00 00 00 00 00 00 00 00 00 00 00 00 00 00 00 00 00 00 00 00 00 00 00 00 00 00 00 00 00 00 00 
0x04c0 : 00 00 00 00 00 00 00 00 00 00 00 00 00 00 00 00 00 00 00 00 00 00 00 00 00 00 00 00 00 00 00 00 00 00 00 00 00 00 00 00 00 00 00 00 00 00 00 01 01 ff ff ff 0a 94 ff fb 03 01 0b 64 01 ff 53 03 
0x0500 : 04 54 03 04 03 08 54 05 03 06 09 00 0d 02 90 00 00 00 00 07 09 ff db 08 54 03 03 03 09 ff 31 00 00 00 00 00 00 00 00 00 00 00 00 00 00 00 00 00 00 00 00 00 00 00 00 00 00 00 00 00 00 00 00 00 
0x0540 : 00 00 00 00 00 00 00 00 00 00 00 00 00 00 00 00 00 00 00 00 00 00 00 00 00 00 00 00 00 00 00 00 00 00 00 00 00 00 00 00 00 00 00 00 00 00 00 00 00 00 00 00 00 00 00 0f 03 70 03 00 00 00 00 00 
0x0580 : 00 00 00 00 00 00 00 00 00 00 00 00 00 00 00 00 00 01 01 ff ff ff 0a 94 ff fb 03 01 0b 64 01 ff 53 03 04 54 03 04 03 08 54 05 03 06 09 00 0d 02 90 00 00 00 00 07 09 ff db 08 54 03 03 03 09 ff 
0x05c0 : 31 00 00 00 00 00 00 00 00 00 00 00 00 00 00 00 00 00 00 00 00 00 00 00 00 00 00 00 00 00 00 00 00 00 00 00 00 00 00 00 00 00 00 00 00 00 00 00 00 00 00 00 00 00 00 00 00 00 00 00 00 00 00 00 
0x0600 : 00 00 00 00 00 00 00 00 00 00 00 00 00 00 00 00 00 00 00 00 00 00 00 00 00 00 00 00 00 00 00 00 00 00 00 00 00 00 00 00 00 00 00 00 00 00 00 00 00 00 00 01 01 ff ff ff 0a 94 ff fb 03 01 0b 64 
0x0640 : 01 ff 53 03 04 54 03 04 03 08 54 05 03 06 09 00 0d 02 90 00 00 00 00 07 09 ff db 08 54 03 03 03 09 ff 31 00 00 00 00 00 00 00 00 00 00 00 00 00 00 00 00 00 00 00 00 00 00 00 00 00 00 00 00 00 
0x0680 : 00 00 00 00 00 00 00 00 00 00 00 00 00 00 00 00 00 00 00 00 00 00 00 00 00 00 00 00 00 00 00 00 00 00 00 00 00 00 00 00 00 00 00 00 00 00 00 00 00 00 00 00 00 00 00 00 00 00 00 00 00 00 00 00 
0x06c0 : 00 00 00 00 00 00 00 00 00 00 00 00 00 00 00 00 00 00 00 00 00 01 01 ff ff ff 0a 94 ff fb 03 01 0b 64 01 ff 53 03 04 54 03 04 03 08 54 05 03 06 09 00 0d 02 90 00 00 00 00 07 09 ff db 08 54 03 
0x0700 : 03 03 09 ff 31 00 00 00 00 00 00 00 00 00 00 00 00 00 00 00 00 00 00 00 00 00 00 00 00 00 00 00 00 00 00 00 00 00 00 00 00 00 00 00 00 00 00 00 00 00 00 00 00 00 00 00 00 00 00 00 00 00 00 00 
0x0740 : 00 00 00 00 00 00 00 00 00 00 00 00 00 00 00 00 00 00 00 00 00 00 00 00 00 00 00 00 00 00 00 00 00 00 00 00 00 00 00 00 00 00 00 00 00 00 00 00 00 00 00 00 00 00 00 01 01 ff ff ff 0a 94 ff fb 
0x0780 : 03 01 0b 64 01 ff 53 03 04 54 03 04 03 08 54 05 03 06 09 00 0d 02 90 00 00 00 00 07 09 ff db 08 54 03 03 03 09 ff 31 00 00 00 00 00 00 00 00 00 00 00 00 00 00 00 00 00 00 00 00 00 00 00 00 00 
0x07c0 : 00 00 00 00 00 00 00 00 00 00 00 00 00 00 00 00 00 00 00 03 70 02 00 00 00 00 00 00 00 00 00 00 00 00 00 00 00 00 00 00 00 00 00 00 00 00 00 00 00 00 00 00 00 00 00 00 00 00 00 00 00 00 00 00 
0x0800 : 03 13 03 70 03 03 70 06 ff fc 02 d0 00 3f 01 02 90 00 00 00 00 07 09 00 37 01 01 ff ff ff 0a 94 ff fb 03 01 0b 64 01 ff 53 03 04 54 03 04 03 08 54 05 03 06 09 00 0d 02 90 00 00 00 00 07 09 ff 
0x0840 : db 08 54 03 03 03 09 ff 31 ff ff ff fe 0b 68 01 00 07 00 01 01 01 ff ff ff 0b 68 02 ff b6 ff c4 02 90 00 00 00 04 04 00 00 00 00 00 02 90 00 00 00 30 05 0b 68 01 ff a6 00 01 0b 68 01 00 96 00 
0x0880 : 01 0b 68 01 00 23 00 01 0b 68 01 00 21 00 01 0b 68 01 00 1f 00 01 0b 68 01 00 1d 00 01 0b 68 01 00 1b 00 01 01 01 ff ff ff 01 01 ff ff ff 01 01 ff ff ff 01 01 ff ff ff 01 01 ff ff ff 09 ff e7 
0x08c0 : 08 54 03 03 03 0b 68 01 00 07 00 01 01 01 ff ff ff 0c ff d3 ff ff ff fe 00 00 00 00 68 01 00 15 00 09 0b 68 01 00 0e 00 11 0b 68 01 00 07 00 19 01 ff ff ff fe 0c ff 24 01 ff ff ff fe 0c ff f3 
0x0900 : 01 01 ff ff ff 0c 00 0b 01 01 ff ff ff 09 ff 0c 01 01 ff ff ff 0a 94 ff fb 03 01 0b 64 01 00 11 03 04 54 03 04 03 08 54 05 03 06 09 01 01 ff ff 00 00 00 00 07 09 ff db 08 54 03 03 03 09 00 01 
0x0940 : 00 00 00 00 00 00 00 00 00 00 00 00 00 00 00 00 00 00 00 00 00 00 00 00 00 00 00 00 00 00 00 00 00 00 00 00 00 00 00 00 00 00 00 00 00 00 00 00 00 00 00 00 00 00 00 00 00 00 00 00 00 00 00 00 
0x0980 : 00 00 00 00 00 00 00 00 00 00 00 00 00 00 00 00 00 00 00 00 00 00 00 00 00 00 00 00 00 00 00 00 00 00 00 00 00 00 00 00 00 00 00 00 00 00 00 00 00 00 00 00 00 00 00 00 00 00 00 00 00 00 00 00 
0x09c0 : 00 00 00 00 00 00 00 00 00 00 00 00 00 00 00 00 00 00 00 00 00 00 00 00 00 00 00 00 00 00 00 00 00 00 00 00 00 00 00 00 00 00 00 00 00 00 00 00 00 00 00 00 00 00 00 00 00 00 00 00 00 00 00 00 
0x0a00 : 00 00 00 00 00 00 00 00 00 00 00 00 00 00 00 00 00 00 00 00 00 00 00 00 00 00 00 00 00 00 00 00 00 00 00 00 00 00 00 00 00 00 00 00 00 00 00 00 00 00 00 00 00 00 00 00 00 00 00 00 00 00 00 00 
0x0a40 : 00 00 00 00 00 00 00 00 00 00 00 00 00 00 00 00 00 00 00 00 00 00 00 00 00 00 00 00 00 00 00 00 00 00 00 00 00 00 00 00 00 00 00 00 00 00 00 00 00 00 00 00 00 00 00 00 00 00 00 00 00 00 00 00 
0x0a80 : 00 00 00 00 00 00 00 00 00 00 00 00 00 00 00 00 00 00 00 00 00 00 00 00 00 00 00 00 00 00 00 00 00 00 00 00 00 00 00 00 00 00 00 00 00 00 00 00 00 00 00 00 00 00 00 00 00 00 00 00 00 00 00 00 
0x0ac0 : 00 00 00 00 00 00 00 00 00 00 00 00 00 00 00 00 00 00 00 00 00 00 00 00 00 00 00 00 00 00 00 00 00 00 00 00 00 00 00 00 00 00 00 00 00 00 00 00 00 00 00 00 00 00 00 00 00 00 00 00 00 00 00 00 
0x0b00 : 00 00 00 00 00 00 00 00 00 00 00 00 00 00 00 00 00 00 00 00 00 00 00 00 00 00 00 00 00 00 00 00 00 00 00 00 00 00 00 00 00 00 00 00 00 00 00 00 00 00 00 00 00 00 00 00 00 00 00 00 00 00 00 00 
0x0b40 : 00 00 00 00 00 00 00 00 00 00 00 00 00 00 00 00 00 00 00 00 00 00 00 00 00 00 00 00 00 00 00 00 00 00 00 00 00 00 00 00 00 00 00 00 00 00 00 00 00 00 00 00 00 00 00 00 00 00 00 00 00 00 00 00 
0x0b80 : 00 00 00 00 00 00 00 00 00 00 00 00 00 00 00 00 00 00 00 00 00 00 00 00 00 00 00 00 00 00 00 00 00 00 00 00 00 00 00 00 00 00 00 00 00 00 00 00 00 00 00 00 00 00 00 00 00 00 00 00 00 00 00 00 
0x0bc0 : 00 00 00 00 00 00 00 00 00 00 00 00 00 00 00 00 00 00 00 00 00 00 00 00 00 00 00 00 00 00 00 00 00 00 00 00 00 00 00 00 00 00 00 00 00 00 00 00 00 00 00 00 00 00 00 00 00 00 00 00 00 00 00 00 
0x0c00 : 00 00 00 00 00 00 00 00 00 00 00 00 00 00 00 00 00 00 00 00 00 00 00 00 00 00 00 00 00 00 00 00 00 00 00 00 00 00 00 00 00 00 00 00 00 00 00 00 00 00 00 00 00 00 00 00 00 00 00 00 00 00 00 00 
0x0c40 : 00 00 00 00 00 00 00 00 00 00 00 00 00 00 00 00 00 00 00 00 00 00 00 00 00 00 00 00 00 00 00 00 00 00 00 00 00 00 00 00 00 00 00 00 00 00 00 00 00 00 00 00 00 00 00 00 00 00 00 00 00 00 00 00 
0x0c80 : 00 00 00 00 00 00 00 00 00 00 00 00 00 00 00 00 00 00 00 00 00 00 00 00 00 00 00 00 00 00 00 00 00 00 00 00 00 00 00 00 00 00 00 00 00 00 00 00 00 00 00 00 00 00 00 00 00 00 00 00 00 00 00 00 
0x0cc0 : 00 00 00 00 00 00 00 00 00 00 00 00 00 00 00 00 00 00 00 00 00 00 00 00 00 00 00 00 00 00 00 00 00 00 00 00 00 00 00 00 00 00 00 00 00 00 00 00 00 00 00 00 00 00 00 00 00 00 00 00 00 00 00 00 
0x0d00 : 00 00 00 00 00 00 00 00 00 00 00 00 00 00 00 00 00 00 00 00 00 00 00 00 00 00 00 00 00 00 00 00 00 00 00 00 00 00 00 00 00 00 00 00 00 00 00 00 00 00 00 00 00 00 00 00 00 00 00 00 00 00 00 00 
0x0d40 : 00 00 00 00 00 00 00 00 00 00 00 00 00 00 00 00 00 00 00 00 00 00 00 00 00 00 00 00 00 00 00 00 00 00 00 00 00 00 00 00 00 00 00 00 00 00 00 00 00 00 00 00 00 00 00 00 00 00 00 00 00 00 00 00 
0x0d80 : 00 00 00 00 00 00 00 00 00 00 00 00 00 00 00 00 00 00 00 00 00 00 00 00 00 00 00 00 00 00 00 00 00 00 00 00 00 00 00 00 00 00 00 00 00 00 00 00 00 00 00 00 00 00 00 00 00 00 00 00 00 00 00 00 
0x0dc0 : 00 00 00 00 00 00 00 00 00 00 00 00 00 00 00 00 00 00 00 00 00 00 00 00 00 00 00 00 00 00 00 00 00 00 00 00 00 00 00 00 00 00 00 00 00 00 00 00 00 00 00 00 00 00 00 00 00 00 00 00 00 00 00 00 
0x0e00 : 00 00 00 00 00 00 00 00 00 00 00 00 00 00 00 00 00 00 00 00 00 00 00 00 00 00 00 00 00 00 00 00 00 00 00 00 00 00 00 00 00 00 00 00 00 00 00 00 00 00 00 00 00 00 00 00 00 00 00 00 00 00 00 00 
0x0e40 : 00 00 00 00 00 00 00 00 00 00 00 00 00 00 00 00 00 00 00 00 00 00 00 00 00 00 00 00 00 00 00 00 00 00 00 00 00 00 00 00 00 00 00 00 00 00 00 00 00 00 00 00 00 00 00 00 00 00 00 00 00 00 00 00 
0x0e80 : 00 00 00 00 00 00 00 00 00 00 00 00 00 00 00 00 00 00 00 00 00 00 00 00 00 00 00 00 00 00 00 00 00 00 00 00 00 00 00 00 00 00 00 00 00 00 00 00 00 00 00 00 00 00 00 00 00 00 00 00 00 00 00 00 
0x0ec0 : 00 00 00 00 00 00 00 00 00 00 00 00 00 00 00 00 00 00 00 00 00 00 00 00 00 00 00 00 00 00 00 00 00 00 00 00 00 00 00 00 00 00 00 00 00 00 00 00 00 00 00 00 00 00 00 00 00 00 00 00 00 00 00 00 
0x0f00 : 00 00 00 00 00 00 00 00 00 00 00 00 00 00 00 00 00 00 00 00 00 00 00 00 00 00 00 00 00 00 00 00 00 00 00 00 00 00 00 00 00 00 00 00 00 00 00 00 00 00 00 00 00 00 00 00 00 00 00 00 00 00 00 00 
0x0f40 : 00 00 00 00 00 00 00 00 00 00 00 00 00 00 00 00 00 00 00 00 00 00 00 00 00 00 00 00 00 00 00 00 00 00 00 00 00 00 00 00 00 00 00 00 00 00 00 00 00 00 00 00 00 00 00 00 00 00 00 00 00 00 00 00 
0x0f80 : 00 00 00 00 00 00 00 00 00 00 00 00 00 00 00 00 00 00 00 00 00 00 00 00 00 00 00 00 00 00 00 00 00 03 70 02 00 00 00 00 00 00 00 00 00 00 00 00 00 00 00 00 00 00 00 00 00 00 00 00 00 00 00 00 
0x0fc0 : 00 00 00 00 00 00 00 00 00 00 00 00 00 00 00 00 00 00 00 00 00 00 00 00 00 00 00 00 00 00 00 00 00 00 00 00 00 00 00 00 00 00 00 00 00 00 00 00 00 00 00 00 00 00 00 00 00 00 00 00 00 00 00 00 
